000 000 000 000 000 000 000 000 000 000 000 000 000 000 000 000 000
000 300 101 102 103 104 105 106 107 108 109 110 111 112 113 000 000
000 000 000 000 000 000 000 000 000 000 000 000 000 000 114 000 000
000 128 127 126 125 124 123 122 121 120 119 118 117 116 115 000 000
000 129 000 000 000 000 000 000 000 000 000 000 000 000 000 000 000
000 130 000 140 141 142 143 144 145 146 147 148 149 150 151 152 000
000 131 000 139 000 000 000 000 000 000 000 000 000 000 000 153 000
000 132 000 138 000 500 000 000 000 000 000 000 000 000 000 400 000
000 133 000 137 000 000 000 000 000 000 000 000 000 000 000 000 000
000 134 135 136 000 000 000 000 000 000 000 000 000 000 000 000 000
000 000 000 000 000 000 000 000 000 000 000 000 000 000 000 000 000